T	M
0.050000	1.000000
0.100000	1.000000
0.150000	1.000000
0.200000	1.000000
0.250000	1.000000
0.300000	1.000000
0.350000	1.000000
0.400000	1.000000
0.450000	1.000000
0.500000	1.000000
0.550000	1.000000
0.600000	1.000000
0.650000	1.000000
0.700000	1.000000
0.750000	1.000000
0.800000	1.000000
0.850000	1.000000
0.900000	1.000000
0.950000	1.000000
1.000000	1.000000
1.050000	1.000000
1.100000	1.000000
1.150000	1.000000
1.200000	1.000000
1.250000	1.000000
1.300000	1.000000
1.350000	1.000000
1.400000	1.000000
1.450000	1.000000
1.500000	1.000000
1.550000	1.000000
1.600000	1.000000
1.650000	1.000000
1.700000	1.000000
1.750000	1.000000
1.800000	1.000000
1.850000	0.986111
1.900000	0.986111
1.950000	0.986111
2.000000	0.986111
2.050000	0.986111
2.100000	1.000000
2.150000	1.000000
2.200000	1.000000
2.250000	1.000000
2.300000	1.000000
2.350000	1.000000
2.400000	1.000000
2.450000	0.986111
2.500000	1.000000
2.550000	0.986111
2.600000	0.986111
2.650000	0.986111
2.700000	0.986111
2.750000	0.986111
2.800000	0.986111
2.850000	0.972222
2.900000	0.930556
2.950000	0.930556
3.000000	0.916667
3.050000	0.916667
3.100000	0.944444
3.150000	0.930556
3.200000	0.944444
3.250000	0.958333
3.300000	0.930556
3.350000	0.930556
3.400000	0.930556
3.450000	0.944444
3.500000	0.986111
3.550000	1.000000
3.600000	1.000000
3.650000	0.958333
3.700000	0.972222
3.750000	0.972222
3.800000	0.972222
3.850000	0.944444
3.900000	0.930556
3.950000	0.930556
4.000000	0.902778
4.050000	0.916667
4.100000	0.888889
4.150000	0.902778
4.200000	0.916667
4.250000	0.916667
4.300000	0.902778
4.350000	0.902778
4.400000	0.916667
4.450000	0.930556
4.500000	0.930556
4.550000	0.930556
4.600000	0.875000
4.650000	0.847222
4.700000	0.847222
4.750000	0.847222
4.800000	0.847222
4.850000	0.819444
4.900000	0.847222
4.950000	0.819444
5.000000	0.902778
5.050000	0.847222
5.100000	0.805556
5.150000	0.791667
5.200000	0.750000
5.250000	0.777778
5.300000	0.777778
5.350000	0.722222
5.400000	0.708333
5.450000	0.708333
5.500000	0.680556
5.550000	0.736111
5.600000	0.652778
5.650000	0.638889
5.700000	0.694444
5.750000	0.750000
5.800000	0.722222
5.850000	0.708333
5.900000	0.708333
5.950000	0.805556
6.000000	0.791667
6.050000	0.777778
6.100000	0.777778
6.150000	0.777778
6.200000	0.805556
6.250000	0.750000
6.300000	0.763889
6.350000	0.763889
6.400000	0.819444
6.450000	0.791667
6.500000	0.819444
6.550000	0.819444
6.600000	0.833333
6.650000	0.833333
6.700000	0.819444
6.750000	0.611111
6.800000	0.583333
6.850000	0.541667
6.900000	0.569444
6.950000	0.569444
7.000000	0.625000
7.050000	0.638889
7.100000	0.666667
7.150000	0.569444
7.200000	0.486111
7.250000	0.611111
7.300000	0.611111
7.350000	0.611111
7.400000	0.555556
7.450000	0.513889
7.500000	0.486111
7.550000	0.472222
7.600000	0.388889
7.650000	0.375000
7.700000	0.375000
7.750000	0.472222
7.800000	0.569444
7.850000	0.569444
7.900000	0.388889
7.950000	0.375000
8.000000	0.333333
8.050000	0.305556
8.100000	0.319444
8.150000	0.444444
8.200000	0.486111
8.250000	0.500000
8.300000	0.555556
8.350000	0.638889
8.400000	0.597222
8.450000	0.611111
8.500000	0.541667
8.550000	0.583333
8.600000	0.541667
8.650000	0.597222
8.700000	0.500000
8.750000	0.527778
8.800000	0.555556
8.850000	0.555556
8.900000	0.555556
8.950000	0.625000
9.000000	0.652778
9.050000	0.597222
9.100000	0.541667
9.150000	0.513889
9.200000	0.486111
9.250000	0.416667
9.300000	0.375000
9.350000	0.361111
9.400000	0.333333
9.450000	0.291667
9.500000	0.333333
9.550000	0.250000
9.600000	0.319444
9.650000	0.319444
9.700000	0.194444
9.750000	0.263889
9.800000	0.263889
9.850000	0.222222
9.900000	0.319444
9.950000	0.361111
10.000000	0.166667
10.050000	0.250000
10.100000	0.305556
10.150000	0.375000
10.200000	0.277778
10.250000	0.333333
10.300000	0.319444
10.350000	0.180556
10.400000	0.194444
10.450000	0.236111
10.500000	0.194444
10.550000	0.208333
10.600000	0.111111
10.650000	0.055556
10.700000	0.222222
10.750000	0.166667
10.800000	0.166667
10.850000	0.180556
10.900000	0.208333
10.950000	0.152778
11.000000	0.166667
11.050000	0.152778
11.100000	-0.069444
11.150000	0.013889
11.200000	0.055556
11.250000	0.180556
11.300000	0.208333
11.350000	0.236111
11.400000	0.250000
11.450000	0.263889
11.500000	0.263889
11.550000	0.291667
11.600000	0.250000
11.650000	0.263889
11.700000	0.277778
11.750000	0.027778
11.800000	0.194444
11.850000	0.222222
11.900000	0.263889
11.950000	0.277778
12.000000	0.166667
12.050000	0.236111
12.100000	0.291667
12.150000	0.097222
12.200000	0.125000
12.250000	0.125000
12.300000	0.125000
12.350000	0.138889
12.400000	0.083333
12.450000	0.138889
12.500000	0.138889
12.550000	0.138889
12.600000	0.166667
12.650000	0.250000
12.700000	0.250000
12.750000	0.291667
12.800000	0.347222
12.850000	0.277778
12.900000	0.291667
12.950000	0.291667
13.000000	0.236111
13.050000	0.055556
13.100000	0.055556
13.150000	0.166667
13.200000	0.027778
13.250000	0.069444
13.300000	0.041667
13.350000	0.138889
13.400000	0.152778
13.450000	0.083333
13.500000	0.069444
13.550000	0.166667
13.600000	0.194444
13.650000	0.194444
13.700000	0.152778
13.750000	0.069444
13.800000	0.236111
13.850000	0.402778
13.900000	0.347222
13.950000	0.388889
14.000000	0.347222
14.050000	0.138889
14.100000	0.222222
14.150000	0.111111
14.200000	0.125000
14.250000	0.152778
14.300000	0.236111
14.350000	0.138889
14.400000	0.194444
14.450000	0.194444
14.500000	0.236111
14.550000	0.263889
14.600000	0.111111
14.650000	0.236111
14.700000	0.208333
14.750000	0.083333
14.800000	0.069444
14.850000	0.111111
14.900000	0.055556
14.950000	0.138889
15.000000	0.027778
15.050000	0.027778
15.100000	0.027778
15.150000	0.027778
15.200000	0.111111
15.250000	0.180556
15.300000	0.222222
15.350000	0.138889
15.400000	0.138889
15.450000	0.013889
15.500000	0.069444
15.550000	0.069444
15.600000	0.138889
15.650000	0.152778
15.700000	0.194444
15.750000	0.180556
15.800000	0.125000
15.850000	0.152778
15.900000	0.277778
15.950000	0.152778
16.000000	0.138889
16.050000	0.083333
16.100000	0.055556
16.150000	0.055556
16.200000	0.027778
16.250000	0.013889
16.300000	-0.027778
16.350000	-0.013889
16.400000	0.000000
16.450000	-0.097222
16.500000	0.041667
16.550000	0.111111
16.600000	0.138889
16.650000	0.097222
16.700000	0.097222
16.750000	0.111111
16.800000	0.027778
16.850000	-0.138889
16.900000	-0.222222
16.950000	-0.166667
17.000000	-0.069444
17.050000	0.041667
17.100000	0.013889
17.150000	0.027778
17.200000	-0.041667
17.250000	0.111111
17.300000	0.111111
17.350000	0.055556
17.400000	0.208333
17.450000	0.138889
17.500000	0.305556
17.550000	0.250000
17.600000	0.305556
17.650000	0.347222
17.700000	0.250000
17.750000	0.277778
17.800000	0.222222
17.850000	0.111111
17.900000	0.125000
17.950000	0.097222
18.000000	0.069444
18.050000	0.055556
18.100000	0.013889
18.150000	0.055556
18.200000	0.069444
18.250000	0.027778
18.300000	0.111111
18.350000	0.041667
18.400000	0.013889
18.450000	0.111111
18.500000	0.263889
18.550000	0.236111
18.600000	0.194444
18.650000	0.111111
18.700000	0.097222
18.750000	0.152778
18.800000	0.138889
18.850000	0.069444
18.900000	0.013889
18.950000	0.000000
19.000000	0.000000
19.050000	0.180556
19.100000	0.125000
19.150000	0.055556
19.200000	0.152778
19.250000	0.041667
19.300000	-0.083333
19.350000	-0.027778
19.400000	0.069444
19.450000	0.166667
19.500000	0.083333
19.550000	0.125000
19.600000	0.111111
19.650000	0.152778
19.700000	0.250000
19.750000	0.166667
19.800000	0.250000
19.850000	0.000000
19.900000	0.125000
19.950000	0.138889
20.000000	0.097222
20.050000	0.125000
20.100000	-0.013889
20.150000	-0.236111
20.200000	-0.083333
20.250000	-0.125000
20.300000	-0.013889
20.350000	-0.013889
20.400000	-0.041667
20.450000	-0.291667
20.500000	-0.166667
20.550000	0.000000
20.600000	0.166667
20.650000	0.041667
20.700000	0.000000
20.750000	0.083333
20.800000	0.013889
20.850000	0.069444
20.900000	0.222222
20.950000	0.208333
21.000000	0.166667
21.050000	0.194444
21.100000	0.291667
21.150000	0.222222
21.200000	0.152778
21.250000	0.180556
21.300000	0.097222
21.350000	0.055556
21.400000	0.000000
21.450000	-0.069444
21.500000	0.013889
21.550000	0.055556
21.600000	0.125000
21.650000	0.111111
21.700000	0.083333
21.750000	0.083333
21.800000	0.069444
21.850000	0.138889
21.900000	0.027778
21.950000	0.125000
22.000000	0.083333
22.050000	0.027778
22.100000	0.125000
22.150000	0.041667
22.200000	0.069444
22.250000	0.125000
22.300000	0.125000
22.350000	0.013889
22.400000	-0.097222
22.450000	-0.138889
22.500000	-0.041667
22.550000	-0.055556
22.600000	0.125000
22.650000	0.041667
22.700000	0.111111
22.750000	0.097222
22.800000	0.027778
22.850000	0.027778
22.900000	0.027778
22.950000	-0.027778
23.000000	-0.055556
23.050000	0.000000
23.100000	0.000000
23.150000	0.069444
23.200000	0.250000
23.250000	0.125000
23.300000	0.055556
23.350000	0.069444
23.400000	0.069444
23.450000	0.125000
23.500000	0.055556
23.550000	0.097222
23.600000	0.027778
23.650000	-0.027778
23.700000	0.083333
23.750000	0.222222
23.800000	0.166667
23.850000	0.138889
23.900000	0.263889
23.950000	0.277778
24.000000	0.180556
24.050000	-0.013889
24.100000	0.125000
24.150000	0.055556
24.200000	0.041667
24.250000	0.055556
24.300000	0.055556
24.350000	0.152778
24.400000	0.111111
24.450000	0.027778
24.500000	0.152778
24.550000	0.152778
24.600000	0.111111
24.650000	0.097222
24.700000	0.111111
24.750000	0.041667
24.800000	0.152778
24.850000	-0.013889
24.900000	-0.041667
24.950000	0.194444
25.000000	0.097222
25.050000	0.097222
25.100000	0.125000
25.150000	0.013889
25.200000	0.000000
25.250000	0.027778
25.300000	0.000000
25.350000	0.027778
25.400000	0.069444
25.450000	0.250000
25.500000	0.069444
25.550000	0.083333
25.600000	0.166667
25.650000	0.041667
25.700000	0.041667
25.750000	0.027778
25.800000	0.027778
25.850000	0.013889
25.900000	0.055556
25.950000	0.013889
26.000000	-0.041667
26.050000	-0.152778
26.100000	0.000000
26.150000	0.055556
26.200000	0.083333
26.250000	0.138889
26.300000	0.055556
26.350000	0.013889
26.400000	-0.027778
26.450000	0.097222
26.500000	0.152778
26.550000	0.027778
26.600000	-0.041667
26.650000	-0.097222
26.700000	-0.041667
26.750000	0.041667
26.800000	0.000000
26.850000	0.041667
26.900000	0.041667
26.950000	0.111111
27.000000	0.166667
27.050000	0.013889
27.100000	0.083333
27.150000	-0.041667
27.200000	-0.166667
27.250000	-0.027778
27.300000	0.111111
27.350000	-0.013889
27.400000	0.000000
27.450000	0.013889
27.500000	-0.055556
27.550000	-0.055556
27.600000	0.000000
27.650000	-0.055556
27.700000	-0.027778
27.750000	-0.083333
27.800000	0.000000
27.850000	0.166667
27.900000	-0.013889
27.950000	-0.069444
28.000000	-0.013889
28.050000	-0.027778
28.100000	0.055556
28.150000	0.069444
28.200000	0.041667
28.250000	0.166667
28.300000	0.222222
28.350000	0.277778
28.400000	0.138889
28.450000	0.097222
28.500000	0.097222
28.550000	0.097222
28.600000	0.111111
28.650000	0.180556
28.700000	0.013889
28.750000	-0.083333
28.800000	0.000000
28.850000	0.000000
28.900000	-0.013889
28.950000	-0.055556
29.000000	-0.013889
29.050000	-0.013889
29.100000	0.222222
29.150000	0.152778
29.200000	0.069444
29.250000	0.111111
29.300000	0.013889
29.350000	0.027778
29.400000	0.138889
29.450000	0.166667
29.500000	0.055556
29.550000	0.069444
29.600000	0.069444
29.650000	0.027778
29.700000	0.152778
29.750000	0.069444
29.800000	0.083333
29.850000	0.138889
29.900000	0.111111
29.950000	0.097222
30.000000	0.138889
30.050000	0.138889
30.100000	0.013889
30.150000	-0.055556
30.200000	0.125000
30.250000	0.000000
30.300000	0.111111
30.350000	0.069444
30.400000	0.055556
30.450000	0.125000
30.500000	0.027778
30.550000	0.097222
30.600000	0.111111
30.650000	0.055556
30.700000	0.041667
30.750000	0.152778
30.800000	0.111111
30.850000	0.111111
30.900000	0.180556
30.950000	0.125000
31.000000	0.111111
31.050000	-0.013889
31.100000	-0.041667
31.150000	0.000000
31.200000	-0.013889
31.250000	0.083333
31.300000	0.152778
31.350000	0.166667
31.400000	0.013889
31.450000	0.069444
31.500000	0.152778
31.550000	0.166667
31.600000	0.125000
31.650000	0.069444
31.700000	-0.069444
31.750000	0.000000
31.800000	0.000000
31.850000	0.013889
31.900000	0.152778
31.950000	0.111111
32.000000	0.055556
32.050000	0.041667
32.100000	0.055556
32.150000	-0.027778
32.200000	0.069444
32.250000	0.125000
32.300000	-0.013889
32.350000	0.000000
32.400000	0.000000
32.450000	0.055556
32.500000	0.180556
32.550000	0.125000
32.600000	0.083333
32.650000	0.069444
32.700000	0.000000
32.750000	-0.125000
32.800000	-0.208333
32.850000	0.111111
32.900000	0.152778
32.950000	-0.027778
33.000000	-0.097222
33.050000	-0.097222
33.100000	-0.055556
33.150000	-0.055556
33.200000	-0.055556
33.250000	0.013889
33.300000	-0.027778
33.350000	-0.111111
33.400000	-0.097222
33.450000	-0.180556
33.500000	-0.194444
33.550000	-0.013889
33.600000	-0.055556
33.650000	0.152778
33.700000	0.138889
33.750000	-0.013889
33.800000	0.083333
33.850000	0.013889
33.900000	-0.013889
33.950000	-0.069444
34.000000	-0.013889
34.050000	-0.027778
34.100000	0.000000
34.150000	0.152778
34.200000	0.125000
34.250000	0.027778
34.300000	-0.027778
34.350000	0.055556
34.400000	0.097222
34.450000	-0.041667
34.500000	0.000000
34.550000	0.000000
34.600000	0.069444
34.650000	0.097222
34.700000	0.097222
34.750000	0.097222
34.800000	0.013889
34.850000	-0.111111
34.900000	-0.027778
34.950000	0.055556
35.000000	0.069444
35.050000	0.069444
35.100000	0.083333
35.150000	0.111111
35.200000	0.166667
35.250000	0.138889
35.300000	0.027778
35.350000	0.000000
35.400000	0.041667
35.450000	0.097222
35.500000	-0.041667
35.550000	0.083333
35.600000	0.097222
35.650000	-0.055556
35.700000	0.000000
35.750000	0.055556
35.800000	0.097222
35.850000	0.041667
35.900000	-0.055556
35.950000	-0.152778
36.000000	-0.083333
36.050000	-0.111111
36.100000	-0.138889
36.150000	-0.111111
36.200000	-0.083333
36.250000	0.055556
36.300000	0.013889
36.350000	-0.027778
36.400000	0.000000
36.450000	0.055556
36.500000	0.125000
36.550000	0.055556
36.600000	0.208333
36.650000	0.055556
36.700000	0.069444
36.750000	-0.027778
36.800000	0.097222
36.850000	0.041667
36.900000	0.000000
36.950000	0.055556
37.000000	0.069444
37.050000	0.138889
37.100000	0.027778
37.150000	0.166667
37.200000	0.250000
37.250000	0.277778
37.300000	0.236111
37.350000	0.152778
37.400000	-0.013889
37.450000	-0.055556
37.500000	0.013889
37.550000	0.125000
37.600000	0.055556
37.650000	-0.041667
37.700000	-0.138889
37.750000	-0.083333
37.800000	-0.027778
37.850000	0.055556
37.900000	-0.013889
37.950000	0.055556
38.000000	0.069444
38.050000	-0.013889
38.100000	0.027778
38.150000	-0.069444
38.200000	-0.055556
38.250000	-0.041667
38.300000	0.055556
38.350000	0.097222
38.400000	0.138889
38.450000	0.069444
38.500000	0.166667
38.550000	0.013889
38.600000	0.125000
38.650000	0.125000
38.700000	0.111111
38.750000	0.027778
38.800000	-0.013889
38.850000	0.000000
38.900000	0.055556
38.950000	0.041667
39.000000	0.013889
39.050000	0.069444
39.100000	0.027778
39.150000	-0.027778
39.200000	-0.083333
39.250000	-0.097222
39.300000	0.027778
39.350000	0.069444
39.400000	0.083333
39.450000	0.083333
39.500000	-0.027778
39.550000	-0.055556
39.600000	-0.055556
39.650000	-0.180556
39.700000	-0.097222
39.750000	-0.138889
39.800000	-0.055556
39.850000	-0.055556
39.900000	0.041667
39.950000	0.041667
40.000000	0.027778
40.050000	-0.013889
40.100000	-0.055556
40.150000	0.027778
40.200000	0.069444
40.250000	-0.041667
40.300000	0.055556
40.350000	0.125000
40.400000	0.055556
40.450000	0.069444
40.500000	-0.055556
40.550000	-0.166667
40.600000	-0.152778
40.650000	-0.138889
40.700000	0.027778
40.750000	-0.013889
40.800000	-0.013889
40.850000	-0.125000
40.900000	0.000000
40.950000	0.111111
41.000000	0.138889
41.050000	-0.083333
41.100000	0.027778
41.150000	-0.013889
41.200000	-0.138889
41.250000	-0.041667
41.300000	0.055556
41.350000	0.097222
41.400000	0.069444
41.450000	-0.027778
41.500000	-0.027778
41.550000	-0.069444
41.600000	-0.152778
41.650000	-0.027778
41.700000	-0.083333
41.750000	0.027778
41.800000	0.027778
41.850000	-0.027778
41.900000	0.083333
41.950000	0.097222
42.000000	0.138889
42.050000	0.013889
42.100000	0.166667
42.150000	0.041667
42.200000	0.125000
42.250000	0.083333
42.300000	-0.083333
42.350000	-0.027778
42.400000	0.041667
42.450000	0.027778
42.500000	-0.069444
42.550000	-0.069444
42.600000	-0.111111
42.650000	-0.125000
42.700000	-0.180556
42.750000	-0.208333
42.800000	0.000000
42.850000	0.069444
42.900000	0.069444
42.950000	0.069444
43.000000	-0.069444
43.050000	0.083333
43.100000	0.055556
43.150000	-0.055556
43.200000	-0.041667
43.250000	0.111111
43.300000	0.055556
43.350000	-0.027778
43.400000	-0.097222
43.450000	-0.027778
43.500000	-0.111111
43.550000	0.152778
43.600000	0.111111
43.650000	0.013889
43.700000	0.027778
43.750000	0.083333
43.800000	0.097222
43.850000	0.180556
43.900000	0.194444
43.950000	0.083333
44.000000	0.277778
44.050000	0.180556
44.100000	0.097222
44.150000	0.305556
44.200000	0.208333
44.250000	0.222222
44.300000	0.138889
44.350000	0.055556
44.400000	0.041667
44.450000	0.041667
44.500000	0.000000
44.550000	-0.013889
44.600000	0.000000
44.650000	-0.083333
44.700000	0.055556
44.750000	-0.041667
44.800000	-0.069444
44.850000	-0.069444
44.900000	-0.111111
44.950000	-0.055556
45.000000	-0.097222
45.050000	0.013889
45.100000	0.125000
45.150000	0.152778
45.200000	0.166667
45.250000	0.138889
45.300000	0.111111
45.350000	0.097222
45.400000	0.041667
45.450000	0.041667
45.500000	0.138889
45.550000	0.180556
45.600000	0.208333
45.650000	0.166667
45.700000	0.152778
45.750000	0.111111
45.800000	0.069444
45.850000	0.041667
45.900000	-0.013889
45.950000	-0.041667
46.000000	0.083333
46.050000	0.013889
46.100000	0.138889
46.150000	0.069444
46.200000	0.083333
46.250000	-0.069444
46.300000	0.000000
46.350000	0.111111
46.400000	0.263889
46.450000	0.152778
46.500000	0.125000
46.550000	0.125000
46.600000	0.097222
46.650000	-0.055556
46.700000	0.069444
46.750000	0.194444
46.800000	0.250000
46.850000	0.250000
46.900000	0.097222
46.950000	0.083333
47.000000	0.097222
47.050000	0.138889
47.100000	0.013889
47.150000	-0.027778
47.200000	-0.055556
47.250000	0.097222
47.300000	0.055556
47.350000	0.000000
47.400000	-0.013889
47.450000	0.069444
47.500000	0.000000
47.550000	0.027778
47.600000	0.041667
47.650000	0.222222
47.700000	0.097222
47.750000	0.013889
47.800000	0.000000
47.850000	0.069444
47.900000	0.069444
47.950000	0.041667
48.000000	0.125000
48.050000	0.111111
48.100000	0.138889
48.150000	0.097222
48.200000	-0.069444
48.250000	-0.180556
48.300000	-0.236111
48.350000	-0.111111
48.400000	-0.055556
48.450000	0.000000
48.500000	0.000000
48.550000	-0.027778
48.600000	0.138889
48.650000	-0.055556
48.700000	-0.138889
48.750000	-0.083333
48.800000	-0.111111
48.850000	-0.027778
48.900000	0.083333
48.950000	-0.027778
49.000000	-0.027778
49.050000	-0.027778
49.100000	-0.097222
49.150000	-0.125000
49.200000	-0.027778
49.250000	0.027778
49.300000	-0.027778
49.350000	-0.013889
49.400000	-0.069444
49.450000	-0.097222
49.500000	-0.097222
49.550000	-0.013889
49.600000	-0.027778
49.650000	-0.013889
49.700000	0.041667
49.750000	0.194444
49.800000	0.097222
49.850000	0.166667
49.900000	0.152778
49.950000	-0.013889
50.000000	-0.041667
50.050000	0.069444
